Fasta 1: mm39_chr19_35Mb_45Mb.fa
Non-alphabetic characters: 1145
>chr19:35000000-45000000
*=10000000
A=2855850
C=2156699
G=2155984
T=2831467
N=0

Nucleotide Frequencies:
A=0.2856
C=0.2157
G=0.2156
T=0.2831

Dinucleotide Count Matrix:
A=881512 541965 754135 678238
C=749057 557183 103715 746744
G=627012 436395 555886 536691
T=598268 621156 742248 869794

Dinucleotide Frequency Matrix:
A=0.0882 0.0542 0.0754 0.0678
C=0.0749 0.0557 0.0104 0.0747
G=0.0627 0.0436 0.0556 0.0537
T=0.0598 0.0621 0.0742 0.0870

Conditional Frequency Matrix:
A=0.3087 0.1898 0.2641 0.2375
C=0.3473 0.2583 0.0481 0.3462
G=0.2908 0.2024 0.2578 0.2489
T=0.2113 0.2194 0.2621 0.3072

Fasta 2: simulated_equal_freq.fa
Non-alphabetic characters: 0
>simulated_equal_freq
*=10000000
A=2501977
C=2498145
G=2500538
T=2499340
N=0

Nucleotide Frequencies:
A=0.2502
C=0.2498
G=0.2501
T=0.2499

Dinucleotide Count Matrix:
A=625365 625042 624540 627029
C=625109 624325 625612 623099
G=625269 624569 626008 624692
T=626234 624209 624377 624520

Dinucleotide Frequency Matrix:
A=0.0625 0.0625 0.0625 0.0627
C=0.0625 0.0624 0.0626 0.0623
G=0.0625 0.0625 0.0626 0.0625
T=0.0626 0.0624 0.0624 0.0625

Conditional Frequency Matrix:
A=0.2499 0.2498 0.2496 0.2506
C=0.2502 0.2499 0.2504 0.2494
G=0.2501 0.2498 0.2503 0.2498
T=0.2506 0.2497 0.2498 0.2499

Fasta 3: simulated_markov_0.fa
Non-alphabetic characters: 0
>simulated_markov_0
*=10000000
A=2858379
C=2154297
G=2156598
T=2830726
N=0

Nucleotide Frequencies:
A=0.2858
C=0.2154
G=0.2157
T=0.2831

Dinucleotide Count Matrix:
A=816429 616220 615212 810517
C=615806 464046 465826 608619
G=615779 465079 465415 610325
T=810365 608952 610144 801265

Dinucleotide Frequency Matrix:
A=0.0816 0.0616 0.0615 0.0811
C=0.0616 0.0464 0.0466 0.0609
G=0.0616 0.0465 0.0465 0.0610
T=0.0810 0.0609 0.0610 0.0801

Conditional Frequency Matrix:
A=0.2856 0.2156 0.2152 0.2836
C=0.2859 0.2154 0.2162 0.2825
G=0.2855 0.2157 0.2158 0.2830
T=0.2863 0.2151 0.2155 0.2831

Fasta 4: simulated_markov_1.fa
Non-alphabetic characters: 0
>simulated_markov_1
*=10000000
A=2858050
C=2153991
G=2156496
T=2831463
N=0

Nucleotide Frequencies:
A=0.2858
C=0.2154
G=0.2156
T=0.2831

Dinucleotide Count Matrix:
A=882972 541222 753449 680406
C=749229 555904 103819 745039
G=626950 435746 557340 536460
T=598899 621119 741887 869558

Dinucleotide Frequency Matrix:
A=0.0883 0.0541 0.0753 0.0680
C=0.0749 0.0556 0.0104 0.0745
G=0.0627 0.0436 0.0557 0.0536
T=0.0599 0.0621 0.0742 0.0870

Conditional Frequency Matrix:
A=0.3089 0.1894 0.2636 0.2381
C=0.3478 0.2581 0.0482 0.3459
G=0.2907 0.2021 0.2584 0.2488
T=0.2115 0.2194 0.2620 0.3071

