Nucleotide Histogram:
A=537381
C=334523
G=338691
T=535785
N=0

Background Frequency:
A=0.3073
C=0.1927
G=0.1927
T=0.3073

Count Matrix:
-10 602 53 777 188
-9 546 73 793 208
-8 606 71 688 255
-7 633 134 487 366
-6 637 129 397 457
-5 747 167 267 439
-4 702 189 209 520
-3 708 286 305 321
-2 638 255 209 518
-1 542 320 215 543
0 1478 1 73 68
1 0 0 0 1620
2 5 2 1612 1
3 861 133 377 249
4 560 572 141 347
5 828 125 130 537
6 813 216 306 285
7 805 240 149 426
8 744 148 179 549
9 705 253 303 359
10 619 268 177 556

Frequency Matrix:
-10 0.3716 0.0327 0.4796 0.1160
-9 0.3370 0.0451 0.4895 0.1284
-8 0.3741 0.0438 0.4247 0.1574
-7 0.3907 0.0827 0.3006 0.2259
-6 0.3932 0.0796 0.2451 0.2821
-5 0.4611 0.1031 0.1648 0.2710
-4 0.4333 0.1167 0.1290 0.3210
-3 0.4370 0.1765 0.1883 0.1981
-2 0.3938 0.1574 0.1290 0.3198
-1 0.3346 0.1975 0.1327 0.3352
0 0.9123 0.0006 0.0451 0.0420
1 0.0000 0.0000 0.0000 1.0000
2 0.0031 0.0012 0.9951 0.0006
3 0.5315 0.0821 0.2327 0.1537
4 0.3457 0.3531 0.0870 0.2142
5 0.5111 0.0772 0.0802 0.3315
6 0.5019 0.1333 0.1889 0.1759
7 0.4969 0.1481 0.0920 0.2630
8 0.4593 0.0914 0.1105 0.3389
9 0.4352 0.1562 0.1870 0.2216
10 0.3821 0.1654 0.1093 0.3432

Weight Matrix:
-10 0.2743 -2.5586 1.3152 -1.4047
-9 0.1335 -2.0967 1.3446 -1.2588
-8 0.2839 -2.1368 1.1397 -0.9649
-7 0.3468 -1.2205 0.6412 -0.4436
-6 0.3559 -1.2753 0.3464 -0.1232
-5 0.5857 -0.9028 -0.2259 -0.1812
-4 0.4960 -0.7243 -0.5792 0.0631
-3 0.5083 -0.1267 -0.0339 -0.6329
-2 0.3581 -0.2922 -0.5792 0.0575
-1 0.1229 0.0354 -0.5384 0.1255
0 1.5701 -8.2865 -2.0967 -2.8718
1 -99.0000 -99.0000 -99.0000 1.7025
2 -6.6374 -7.2865 2.3681 -8.9593
3 0.7906 -1.2313 0.2719 -0.9993
4 0.1700 0.8733 -1.1470 -0.5205
5 0.7342 -1.3208 -1.2642 0.1095
6 0.7078 -0.5317 -0.0292 -0.8045
7 0.6936 -0.3797 -1.0674 -0.2246
8 0.5799 -1.0771 -0.8027 0.1414
9 0.5022 -0.3036 -0.0434 -0.4714
10 0.3145 -0.2205 -0.8189 0.1597

Maximum Score: 17.7071775315

Score Histogram CDS:
-10 2
-9 1
-8 1
-5 4
-4 3
-3 8
-2 13
-1 15
0 19
1 24
2 37
3 67
4 86
5 112
6 139
7 167
8 193
9 196
10 198
11 167
12 86
13 56
14 20
15 6

Score Histogram All:
-32 1
-31 7
-30 34
-29 77
-28 309
-27 733
-26 1628
-25 3129
-24 5459
-23 8766
-22 12586
-21 17214
-20 22562
-19 28053
-18 34699
-17 41676
-16 48990
-15 55924
-14 62156
-13 66986
-12 69995
-11 70221
-10 67807
-9 63948
-8 57180
-7 51151
-6 43935
-5 38183
-4 32793
-3 28530
-2 25832
-1 22266
0 19975
1 17266
2 14686
3 11605
4 8923
5 6543
6 4505
7 2873
8 1803
9 1013
10 587
11 295
12 151
13 68
14 24
15 7
lt-50 2419566

Position List:
4775 0 11.2357
5446 0 10.8891
8640 0 10.0344
10745 0 10.0067
14198 0 10.7833
16577 0 11.1811
20321 0 10.0692
26322 0 10.0692
34306 0 11.7195
34603 0 10.0255
45868 1 10.9108
51326 0 11.1836
53492 0 12.1896
56216 0 10.6750
56395 1 10.3208
56650 0 10.7673
57065 1 10.0137
59657 1 10.5987
70087 0 10.8715
71047 0 12.6630
74249 1 10.1397
74843 1 10.3063
79475 0 11.1811
83219 0 10.0692
88880 1 10.0343
89582 1 10.2073
93009 0 10.9541
104776 0 10.2518
109205 0 10.5792
112494 0 10.0110
117124 0 11.8305
119902 0 10.2562
120558 0 10.2970
123006 0 11.2121
124902 0 11.9504
129087 0 10.5667
146950 0 10.8064
150312 0 10.0652
152370 0 10.9566
155023 1 12.5481
156359 0 10.6056
161331 0 10.2701
165432 1 11.2629
166954 0 10.2542
169856 0 12.6215
175411 0 10.0619
177026 0 10.8042
181829 1 13.2962
182918 1 10.5441
187115 0 10.2929
190173 1 12.4091
192191 1 10.4257
202501 1 10.5515
203906 1 10.9374
208325 0 10.0277
209275 0 11.5156
216318 0 10.7888
224616 0 10.4985
230468 0 10.2895
230611 0 10.2626
231519 0 10.2984
233975 0 12.0952
237064 0 11.7169
238772 1 11.3581
247337 1 10.4212
247342 1 10.3195
248606 0 10.7376
249347 0 10.2601
253197 0 11.4201
254618 0 11.1811
258362 0 10.0692
260185 0 12.6138
260791 0 11.5927
262518 1 10.5867
262838 0 11.5608
264119 0 10.3821
269113 0 10.3141
270863 0 10.7612
271251 0 10.7554
276058 1 12.9053
279458 0 10.1933
283273 0 10.0638
285588 0 10.6978
288417 0 10.0348
292128 1 10.3164
292949 1 11.4890
296412 0 10.1535
306490 0 11.5276
307060 0 10.2742
308719 0 10.1789
309063 1 10.5309
313359 1 10.3492
315307 0 12.0430
317852 1 11.7398
322450 1 11.4929
322637 1 12.9633
326585 1 12.1243
327225 0 10.0512
332747 0 10.1044
333546 0 10.5239
335676 0 10.2208
337187 0 13.0202
339046 0 10.5369
339860 0 11.6709
346711 0 11.1165
349803 0 10.4262
352670 0 10.7799
356732 0 12.4574
360987 1 11.5816
373885 0 10.3942
373896 0 10.0221
374429 0 10.3096
377317 0 10.8220
390338 1 10.1840
393339 1 10.1399
394243 0 10.0721
395167 1 10.1606
395436 1 13.2533
395727 0 11.9957
401132 0 10.5631
401368 0 11.0408
401377 0 10.1993
404761 1 10.8541
406153 0 11.0408
406940 1 11.2148
414714 0 10.4771
425757 0 10.2118
426431 0 10.1233
430600 0 10.1187
432042 0 11.2575
438677 0 10.7140
440018 1 10.3506
447941 0 13.2953
449390 0 12.2386
455385 0 12.2316
457065 1 10.6248
461529 1 11.4662
461652 0 10.3512
466013 0 11.2290
468672 1 11.9145
472569 0 10.2941
477719 0 12.2395
478444 0 10.2509
481591 0 10.5701
484751 1 11.4309
493905 1 10.7311
493941 0 10.8773
495347 1 12.1750
498626 0 10.8973
500568 1 11.1494
501806 0 10.6588
507535 0 10.2365
508646 0 12.5459
508679 0 10.8702
508722 1 12.9556
510443 0 10.2261
512138 0 10.5121
513209 0 10.6079
517569 0 10.2637
531149 0 10.7461
533018 1 13.0793
533709 0 10.5810
545721 0 10.0692
549008 0 10.1624
549171 1 10.4246
552567 0 11.3759
553250 1 11.7221
554943 0 12.0005
565897 0 10.4480
566353 0 10.1414
567681 0 10.5054
567937 1 11.8472
569872 1 11.2995
574228 1 12.9805
575311 1 10.3497
577347 0 10.4430
579127 0 11.1664
584972 1 10.0328
587463 0 10.3610
587572 0 11.2445
587621 0 10.9369
600745 0 10.5004
601410 1 10.1427
602853 1 10.7872
603646 0 10.1771
608284 0 11.4093
610800 1 12.3704
611757 1 10.4099
622733 0 10.2830
624645 0 12.0572
630528 0 11.9102
632192 1 11.7791
635096 1 10.0838
635167 0 11.3826
641966 0 11.8770
643269 0 10.2016
645709 0 10.6845
646615 0 10.2821
647062 0 12.0211
648450 0 11.1200
648849 0 10.3751
651531 1 10.1618
651722 0 10.0357
655515 0 10.5649
655722 0 10.4252
658165 0 10.4027
662860 1 12.6162
666034 0 10.7649
670285 1 13.0581
683103 0 10.4084
683541 0 10.8554
698208 0 10.2019
699109 0 12.0043
706669 0 11.8338
707730 1 10.2624
712760 1 12.5058
713186 0 10.3518
715398 0 11.3459
716586 0 12.6248
723768 1 10.9912
728933 0 10.7141
729635 1 11.2274
729846 1 10.3190
739911 0 10.4087
739974 0 10.9017
740772 1 12.0208
742241 1 10.5474
745800 0 11.2878
747572 0 10.2643
748601 0 10.2388
753932 1 10.1653
756032 1 10.2892
760099 1 10.8693
761035 0 10.7713
764856 0 10.8486
765601 1 10.0835
767178 1 10.2518
769266 0 10.0369
769614 1 11.7959
771203 1 12.7650
774113 0 11.9439
775461 0 10.2385
776251 0 10.0617
776684 0 11.1669
777103 0 10.0933
777247 1 10.2756
780060 0 10.8322
780597 0 12.3685
782691 0 10.8750
785345 0 12.8048
788402 0 10.0375
796234 1 10.0518
796333 1 12.4862
800905 0 10.0485
801826 1 10.7414
804969 0 10.0224
813231 0 11.5309
818021 0 14.8406
820048 1 10.2816
822572 0 10.1662
823235 1 10.1460
826855 0 10.0157
828089 0 12.5186
828860 1 10.2777
830509 0 10.5079
833823 0 10.1331
836288 0 10.1555
838340 1 10.3350
838845 0 10.0049
839344 1 10.6013
840391 0 11.7996
842184 0 13.8699
844056 0 10.7017
846047 0 11.1292
849893 1 11.3001
851114 0 10.0327
855917 0 10.4442
857598 0 10.2140
858853 0 11.5407
868640 0 10.1515
873742 0 10.6543
878784 0 10.4690
883482 1 10.7555
886860 1 10.7005
887865 1 12.3265
890159 1 10.7371
896268 1 11.0380
901406 1 10.6508
902673 0 10.4206
903529 1 11.1022
903578 1 10.0818
904432 1 10.2908
906155 1 10.4480
907554 1 11.1097
909837 1 10.4909
914719 0 12.1986
915711 0 10.3739
927062 1 10.1902
934133 0 10.3407
938198 0 10.3274
938726 1 10.9062
938905 1 10.4726
938997 0 10.7143
939631 0 11.0598
939895 1 10.3043
940400 1 10.4493
941498 1 10.1112
942033 1 11.1515
944972 0 12.3888
947233 0 10.2597
948631 1 10.5757
948920 1 10.2502
949630 1 10.9262
953371 1 10.5279
956685 1 11.0359
958983 0 10.7752
959125 1 10.8812
959149 0 11.0641
959364 0 10.4362
962061 1 10.6678
962200 1 10.5851
962386 1 10.1543
967141 1 10.7818
967441 1 10.4344
971060 1 11.5327
976314 0 12.2686
976891 1 12.7917
981514 1 10.0871
985246 1 10.0198
990821 1 10.3527
990915 1 10.9494
992804 1 11.7843
992867 1 10.9296
995597 0 12.4102
1000499 0 10.6535
1000528 1 11.3005
1001908 1 11.7185
1005402 1 11.2222
1010110 1 10.2233
1010549 0 12.1254
1015000 1 10.4665
1015468 0 10.3555
1016808 1 10.2606
1019588 0 11.4876
1020306 0 10.8361
1024413 0 13.7797
1026800 1 10.5360
1029058 0 10.7181
1031052 0 11.1349
1032902 1 12.4374
1035249 1 10.9804
1040208 0 10.1592
1042619 1 10.0306
1045853 0 10.3564
1048416 1 10.0629
1049939 1 10.0855
1051678 1 11.5709
1055264 1 10.2527
1062000 1 10.7244
1063219 1 10.0760
1069013 1 10.5353
1070823 1 10.6846
1071839 0 10.9738
1077972 0 11.3284
1078057 0 10.3041
1078075 0 10.2943
1084847 0 11.0414
1099717 0 11.8026
1101547 1 10.6793
1103908 0 11.0424
1108806 1 10.5300
1109233 1 11.6520
1110187 1 13.5120
1113337 1 10.5493
1114540 1 10.4600
1114561 1 11.8051
1120310 1 11.0293
1125041 0 12.1464
1131886 1 12.7053
1132743 1 12.1276
1140909 1 12.2420
1142725 0 10.2427
1148938 1 10.3491
1149649 0 12.3719
1155639 0 11.2099
1157369 1 10.7272
1157793 1 13.5767
1160614 1 10.2542
1160790 1 12.5526
1167448 0 10.4706
1169665 0 11.7585
1170906 0 10.2313
1174648 0 10.2066
1183146 1 11.7044
1184504 1 10.2501
1193673 0 10.0265
1197275 0 10.7546
1200211 1 10.9616
1202005 0 10.1134
1206908 1 10.3347
1207964 1 10.3388
1209312 0 10.4134
1218685 1 13.6093
1220967 1 10.6442
1224235 1 10.0180
1227349 1 10.2950
1229751 0 10.0750
1231861 0 10.3093
1233652 1 10.3548
1237784 1 10.7925
1242734 0 10.3097
1242844 1 11.3733
1258711 1 12.4509
1261104 1 10.0308
1261190 1 10.0442
1262789 1 11.3483
1265739 1 11.3764
1267376 0 10.1137
1268548 1 10.4581
1269104 0 10.0038
1270524 1 12.3945
1279782 1 11.6757
1283334 1 11.2341
1283872 1 10.8714
1283887 1 11.3483
1285540 1 10.7334
1286121 0 12.3851
1290883 1 10.4584
1297537 0 10.7376
1300845 1 12.2537
1301261 1 10.1847
1305020 0 10.2379
1313651 0 10.1706
1324179 1 11.4184
1325048 1 10.5806
1325438 1 10.2705
1329453 1 10.3652
1332929 1 11.4701
1334054 0 10.2425
1337784 1 10.2808
1338989 1 10.8288
1341908 1 10.0661
1345009 1 10.6692
1345394 0 10.3985
1346387 0 10.9111
1346827 0 11.7856
1347937 1 10.3281
1350586 1 10.9763
1352435 1 11.4418
1355748 0 12.3393
1357829 0 10.8542
1358077 0 13.9060
1363765 1 10.5941
1364335 1 11.5599
1364907 1 10.0136
1376863 1 10.7437
1379478 1 10.3429
1380935 1 10.9863
1383956 1 10.7769
1386944 1 10.6645
1393318 1 14.2897
1394548 1 10.6270
1396219 0 11.7394
1396228 0 11.4935
1397345 1 10.5913
1397724 1 10.7810
1397999 0 14.5118
1401738 0 10.1820
1405201 1 11.6269
1407007 1 10.1507
1412654 1 10.4305
1414198 1 10.1124
1424351 1 10.6249
1424363 1 10.6448
1428756 1 10.5047
1431596 1 10.1334
1435245 1 10.2809
1435841 1 11.3870
1437898 1 10.0546
1442651 1 10.2465
1444387 0 10.9996
1444418 0 10.3180
1446543 0 10.3190
1447017 0 11.1285
1447126 1 11.6492
1453879 1 10.8538
1458753 1 10.2973
1460524 1 11.7215
1461241 1 10.3545
1461671 1 10.1872
1463111 1 10.9301
1463759 1 12.2116
1463771 1 10.6797
1470524 1 10.0161
1473475 1 10.8093
1474078 1 11.5327
1478818 1 10.4407
1479244 1 10.3342
1479256 1 11.8359
1482029 1 11.5040
1482165 1 10.2012
1483722 0 10.0750
1484389 1 12.5713
1484995 1 12.6138
1486818 1 10.0692
1490562 1 11.1811
1495849 1 10.7793
1497663 1 10.9093
1499624 1 10.1073
1501136 1 12.7755
1504677 1 10.7477
1505147 1 10.8366
1505957 0 11.6440
1509941 0 10.0724
1511024 1 14.4910
1514976 0 10.6146
1523547 1 11.6037
1523665 1 10.3203
1523874 1 10.5179
1528721 1 15.4445
1533073 1 11.7816
1536462 1 10.3843
1536491 1 10.6132
1538460 1 11.6788
1543590 1 10.1542
1544502 0 11.3559
1545183 0 10.4311
1545480 1 10.7726
1546483 1 10.0667
1547479 1 10.2145
1558797 1 11.7311
1561552 0 10.7936
1563615 0 10.2691
1564804 1 10.4878
1568007 0 11.1910
1572705 1 10.1005
1581719 1 11.4015
1584050 1 10.0365
1587281 1 11.6291
1591809 1 12.0165
1595916 1 11.3822
1599980 0 11.1005
1603566 1 10.6000
1606008 1 10.2550
1609006 0 10.7644
1610193 1 11.0213
1611733 1 10.2872
1618036 1 10.8531
1621286 0 10.7698
1623291 1 11.4997
1624512 1 11.8152
1626551 1 12.8348
1630798 0 10.1063
1631170 1 10.7987
1633154 1 12.2886
1635368 0 11.6274
1636778 1 11.5339
1637538 1 11.3445
1639657 0 10.3171
1640888 1 11.6691
1642460 0 10.2787
1643231 0 10.8844
1647678 1 12.6152
1650487 1 10.2084
1651550 1 11.2184
1655830 0 10.1308
1661867 0 11.3589
1664820 0 10.2112
1666484 1 10.2707
1672848 1 10.0617
1672864 1 12.7572
1682399 1 10.5212
1687573 1 10.5407
1688371 0 10.1627
1688866 0 12.7977
1694982 1 12.9461
1695305 1 10.6410
1695552 0 10.3248
1695788 1 10.0534
1696377 1 10.0842
1698221 0 12.1581
1701406 1 10.9471
1702131 1 10.6616
1703161 0 10.4698
1704986 1 10.1609
1711766 1 10.7699
1712344 1 10.1285
1715361 1 10.6385
1716543 1 10.0143
1718543 1 11.1283
1718608 0 11.4350
1721618 0 10.4410
1726296 0 12.3017
1727187 1 10.2105
1728711 0 10.1450
1736337 0 10.2313
1741308 0 11.7816
1742788 1 10.8693
1743731 1 11.0866

